Gene	Level_1	Level_2	Level_3	c1	c2	c3	c4	c5	c6	c7	c8	c9	c10	c11	c12	c13	c14	c15	c16	c17
YDL179w	4	43	431	-0.75808	-0.90319	-0.98935	-0.73995	-0.67193	-0.12777	-0.95307	-1.01656	0.7973	2.11688	1.98537	0.61591	0.56603	-0.13684	-0.52228	-0.05068	0.78823
YLR079w	3	32	321	-0.48845	-0.70828	-0.47688	-0.65814	-0.45374	-0.47302	-0.71214	-1.02839	0.24048	3.11376	1.28952	0.44874	0.04379	-0.31104	-0.30332	-0.34575	0.82285
YER111c	3	32	321	-0.42218	0.23887	1.84427	-0.02083	-0.61105	-0.65827	-0.79992	-0.39857	-0.09166	2.03314	1.58457	0.68744	0.14443	-0.7291	-1.46097	-0.82353	-0.51662
YBR200w	3	32	321	0.09824	0.55258	-0.89641	-1.19111	-1.11744	-0.76133	0.09824	2.1612	1.46126	1.03148	0.67537	-0.33155	-0.6017	-1.39987	-0.42978	-0.15963	0.81045
YJL194w	4	43	431	-1.29859	1.71422	-0.52745	-1.11926	-0.63505	-0.02532	-0.36605	-0.76059	1.44522	2.05496	-0.22259	0.20782	-0.36605	0.01055	-0.77852	-0.49159	1.15829
YLR274w	2	24	241	-0.40461	0.15884	-0.17072	-1.13816	-1.05311	-0.87238	-0.67039	0.25452	1.79605	2.31698	1.10502	-0.04315	-0.52155	-0.90428	-0.72355	0.05253	0.81798
YBR202w	2	24	241	-1.18187	-0.09527	-0.73766	-1.1067	-1.17503	-0.97002	0.01407	1.39452	1.30568	1.66105	0.56078	-0.47114	-0.68299	-0.75816	0.05507	1.33985	0.84781
YPR019w	2	24	241	-0.74382	-0.9365	0.03896	-0.7679	-0.65952	-0.40662	-0.35845	1.11077	1.29141	2.33913	0.91809	-1.05693	-0.79199	-0.86425	-0.14168	-0.18985	1.21915
YBL023c	2	24	241	-1.38479	-0.03287	0.70618	-0.826	-1.25861	-0.68179	0.11133	1.82377	2.22033	0.61605	0.4358	-0.23115	-0.42943	-1.16848	-0.42943	0.05726	0.47185
YEL032w	2	24	241	-0.42287	0.87044	-0.35569	-0.60763	-0.87637	-0.99394	0.1818	2.21414	1.18957	1.64307	0.04742	-0.69161	-0.69161	-1.04433	-1.1955	0.28257	0.45054
YGR044c	4	43	432	0.45129	-0.79394	-1.09481	-0.95273	-0.71037	-0.20893	-0.69366	-0.96945	-0.20058	2.00575	2.03918	1.27031	0.24236	0.02507	-0.71037	-0.41787	0.71873
YJL157c	3	32	321	-0.9523	-0.89126	-1.1158	-1.1049	-0.80405	-0.44435	-0.52937	0.45384	0.50398	2.4464	1.66812	0.11593	-0.29828	-0.22198	-0.1108	0.14645	1.13837
YKL185w	5	52	521	-0.42286	-0.71013	-0.83755	-0.71013	-0.56186	-0.54565	-0.73562	-0.4553	0.53856	3.01047	1.43049	0.17948	-0.04293	-0.40433	-0.54565	-0.10548	0.9185
YHR005c	3	32	321	-0.43229	0.35748	0.18347	-1.12836	-1.44962	-1.24883	-0.53938	0.26378	0.61182	2.00396	2.01735	0.12992	-0.60631	-0.9008	0.14331	-0.20473	0.79922
YNR001c	1	11	112	1.10066	-1.3684	-1.47664	-1.14675	-0.56943	-1.07458	-0.81685	-0.4818	0.5285	1.94086	1.41509	0.63675	0.39448	0.10067	0.10582	0.07489	0.63675
YKL150w	1	11	116	-0.55084	-1.30718	-1.67185	-0.911	-0.2537	-0.51032	-0.59586	-0.93801	0.66922	1.83975	0.95284	0.81328	0.21001	-0.41578	0.15598	1.23197	1.28149
YLR395c	1	12	121	-0.03699	-1.11599	-0.94027	-1.41503	-0.78304	-0.51175	-0.1788	-0.89711	-0.1264	1.92678	0.49634	0.38536	-0.06474	-0.3237	0.15414	1.63699	1.79422
YOR065w	1	12	121	0.35471	-1.01744	-1.51826	-1.05816	-0.81793	-0.63063	-1.15588	-0.80571	0.0982	1.56807	0.77817	0.63973	0.18778	0.13892	0.3425	1.95488	0.94104
YDL181w	5	52	500	-0.61916	-0.7923	-0.75648	-1.13261	-0.82215	-0.05198	-0.26094	-0.9535	-0.21915	2.74214	0.50326	0.37789	-0.27885	0.00176	-0.04601	0.53312	1.77495
YGR183c	1	12	121	-0.19331	-1.1316	-1.2109	-0.59858	-0.54131	-0.74395	-0.1008	0.02254	0.26923	3.06209	1.0974	-0.09199	-0.65585	-0.4444	0.67451	0.08862	0.4983
YLR258w	1	11	115	1.4351	-0.9766	-1.40105	-1.05377	-0.86083	-0.34955	-0.31097	-0.36885	-0.94766	0.58618	2.35155	1.10711	0.39325	0.72124	0.16173	-0.26273	-0.22415
YML110c	1	17	171	0.49232	0.51382	0.02277	-1.03819	-1.87334	-1.43963	-0.81596	-0.81596	0.02277	2.14828	1.49951	0.50307	-0.01307	-0.14928	0.11955	0.34536	0.47798
YCR005c	1	11	112	0.36415	-0.70828	-1.2757	-1.15087	-1.29273	-1.31542	-0.81042	0.71028	1.18692	0.74433	0.80674	1.58979	1.44226	0.34713	0.27904	-0.53238	-0.38485
YCL040w	1	11	111	1.49015	-0.68364	-1.25793	-0.99419	-0.70491	-1.08352	-1.18562	-0.76447	-0.47945	0.83504	1.53269	0.93288	0.07357	0.32456	0.2097	0.09059	1.66457
YMR256c	1	12	121	-0.56861	-1.23822	-1.54633	-1.17249	-0.35088	-0.6179	-0.45769	-0.57271	0.35571	1.69494	1.12803	-0.34266	-0.17423	0.89798	0.64738	0.4502	1.86748
YIL009w	1	13	131	-0.2117	0.6351	-0.50573	-1.07026	-1.12907	-0.88209	-1.18788	-1.16435	0.23522	1.67008	1.78769	1.15259	0.39988	-0.11761	-0.61158	-0.17642	1.17611
YLL040c	5	52	500	0.48268	0.94636	-1.93405	-1.58278	-0.83809	-0.1215	-0.37441	-0.72568	0.38433	2.14067	1.08687	0.55294	0.65129	-0.65543	-0.21985	0.32813	-0.1215
YNR016c	1	11	118	-0.75696	0.62268	1.98986	0.94034	1.82169	-0.35833	-0.45487	-0.95316	-1.19919	1.20505	0.45762	-0.09361	-1.10576	-0.55453	-0.84416	-0.24621	-0.47044
YPL058c	3	31	311	-0.74556	-1.42581	-1.35522	-1.21404	-1.13061	-0.73272	-0.14873	1.17327	1.94336	0.7818	0.48018	-0.18082	0.49943	0.04379	0.49301	0.21706	1.30162
YGL055w	1	13	134	0.15878	0.84738	2.38983	1.90629	1.00958	-0.33089	-0.82974	-1.05009	-0.95215	-0.03402	-0.22683	-0.66141	-0.75629	-0.83892	-0.35843	-0.41352	0.14042
YGR281W	3	31	311	-0.54172	-1.04313	-1.41083	-1.51112	-1.44426	-0.642	0.29396	0.0934	0.89566	1.69792	1.46393	0.59481	0.16026	-0.29102	0.26054	0.27725	1.14636
YBR083w	3	32	321	-0.93736	-0.94103	-0.73569	-0.75403	-0.5927	-0.5267	-0.75769	-0.77236	-0.1527	2.56059	1.42027	0.21396	-0.15637	-0.03537	-0.02804	0.74562	1.44961
YKL116c	6	61	611	-0.62731	-0.3731	-0.42394	-0.88153	-0.41123	-0.77984	-1.18659	-0.65274	0.83443	2.88086	1.11406	0.85985	0.08449	-0.4875	-0.39852	-0.23328	0.6819
YPR002w	1	11	119	1.43429	-0.52505	-0.44341	-0.06243	-0.57948	-0.96046	-1.01489	0.01921	1.40708	2.25068	0.99888	0.50904	0.26413	-0.76997	-0.6339	-1.0421	-0.85161
YNR067c	6	61	611	-0.57943	-0.80507	-0.97892	-0.91604	-0.67191	-0.23173	-0.64232	-0.74219	-0.12816	2.45743	2.12082	0.95564	0.27873	0.0161	-0.27612	-0.17255	0.31572
YBR158w	5	52	529	-0.92753	-0.45371	-1.18644	-1.09582	-0.58576	-0.34497	-0.1456	-0.50032	-0.20256	2.51088	2.01117	0.77873	-0.13007	-0.10159	-0.1689	-0.17149	0.714
YBR052c	1	17	171	1.35694	-0.54876	-1.15676	-1.07963	-0.90267	-1.14315	-1.05694	-0.60774	-0.18123	1.66095	0.73078	0.71264	0.1863	-0.03603	0.20445	-0.09502	1.95588
YOR066w	6	62	621	-0.17372	0.69214	-0.76126	-1.48797	-0.77673	-1.00865	-0.90042	0.63029	1.15599	1.99093	1.2333	0.72306	-0.65303	-0.88496	-0.76126	0.13552	0.84676
YKL163w	6	63	631	1.93413	0.02423	-0.94112	-0.58744	-1.45293	-1.26984	-1.04515	-1.00354	-0.64569	1.28502	1.36824	0.40288	0.46114	0.34879	0.18651	0.08249	0.85227
YLR015w	5	52	528	0.77305	2.14312	-0.77729	-1.08375	-1.42627	-0.52491	-0.11028	0.77305	1.06148	-1.11981	-1.53443	-0.32661	0.10604	0.1421	0.57475	0.77305	0.55672
YGR109c	3	32	321	-0.37784	0.55571	2.98645	0.43241	-0.75361	-0.69489	-0.55398	-0.88278	-0.78884	0.90212	1.20156	0.34434	-0.26628	-0.2428	-0.56572	-0.74186	-0.55398
YPR120c	3	32	321	-0.52357	0.094	2.78305	0.54817	-0.25494	-0.3851	-0.78666	-0.5208	-0.8199	1.26267	1.58945	-0.29925	-0.28818	-0.26048	-0.67035	-0.79497	-0.67312
YDL127w	4	43	431	-0.93147	1.26476	1.94147	-0.27322	-0.49469	-0.42702	-0.90687	-1.07297	-0.40856	0.76031	2.1814	0.64342	-0.12557	-0.17479	-0.77768	-0.62388	-0.57466
YNL289w	4	43	431	-1.15003	0.68249	2.27427	1.87184	-0.03614	-0.35953	-0.59309	-0.92725	-1.0099	-0.09363	1.01666	0.68609	0.03572	-0.24095	-0.5356	-0.7943	-0.82664
YPL256c	3	32	321	-1.00453	1.16378	2.76002	0.5788	-0.13536	-0.33466	-0.46384	-0.65207	-1.26658	-0.36603	0.55111	1.17116	0.08424	-0.27746	-0.55795	-0.22394	-1.02668
YMR199w	3	32	321	-1.85329	0.25511	0.95869	0.86692	0.14451	0.17981	-0.51672	-0.86027	-1.44385	0.50689	2.19643	1.06223	0.12333	0.32335	-0.39435	-0.75909	-0.78968
YJL187c	3	32	321	-1.08147	-0.51034	2.07335	1.611	0.60473	-0.14318	-0.68712	-0.89109	-0.98628	0.15598	1.18946	1.08067	0.35996	-0.26557	-0.53753	-0.91829	-1.05427
YDL003w	4	43	431	-1.13183	0.04638	2.19693	0.90265	-0.19671	-0.53397	-0.77267	-0.93911	-1.08365	0.61577	1.76988	1.11946	0.0858	-0.14634	-0.47265	-0.81866	-0.64128
YMR076c	5	52	528	-1.10268	-0.4079	2.19009	1.40339	0.34636	-0.1754	-0.58362	-0.881	-1.18378	0.84378	1.24389	0.98977	-0.23488	-0.16189	-0.4863	-0.84315	-0.95669
YFL008w	4	43	431	-0.87605	0.05312	2.33024	1.30946	-0.15627	-0.88914	-0.84988	-1.00692	-0.86297	0.38029	1.51885	0.7729	0.40646	0.01386	-0.54888	-0.82371	-0.77136
YPL241c	5	53	533	-1.38305	-0.95091	2.01009	1.36987	-0.10262	-0.29469	-0.48675	-0.87088	-0.82286	0.2655	1.754	0.47357	0.47357	0.23349	-0.23067	-1.33504	-0.10262
YMR078c	5	52	528	-0.82702	0.33987	2.08454	1.25752	-0.10196	-0.32854	-0.71373	-1.06493	-0.88366	0.52114	1.16689	1.43879	0.44183	-0.71373	-0.72506	-0.88366	-1.00828
YLR212c	4	42	421	-1.64035	-0.33711	1.48408	0.36463	-0.53761	-0.60444	-0.85506	-0.37053	0.14742	0.73221	2.16911	1.43395	0.48159	-0.53761	-0.25357	-0.95531	-0.7214
YPL209c	5	51	511	-0.65282	-0.32055	2.53702	2.00538	0.60982	0.51014	-0.55314	-1.01832	-0.78573	0.01173	0.07818	-0.05473	-0.22087	0.24432	-0.28732	-1.11801	-0.9851
YJL074c	4	43	431	-0.81087	-0.19448	1.72941	0.59002	-0.53069	-0.25051	-0.92294	-0.92294	-0.53069	0.0857	1.87884	1.97223	0.45927	-0.36258	-0.3439	-1.07237	-0.77351
YNL233w	5	53	533	-0.43997	0.66325	2.85098	0.74739	-0.42127	-0.47736	-0.79524	-0.80459	-0.48671	-0.21558	1.25226	1.01852	-0.10339	-0.56151	-0.96353	-0.46801	-0.79524
YGR152c	5	53	532	-0.75203	0.3301	2.3603	1.35478	-0.38813	-0.62754	-0.69457	-1.0872	-0.68499	0.38756	1.19198	1.26859	-0.06253	-0.21575	-0.53177	-0.82864	-1.02017
YDR507c	4	43	431	-1.35282	-0.5984	1.70173	0.57178	0.49801	0.00513	-0.91023	-1.06782	-0.88676	0.30354	1.87943	1.58102	-0.03846	0.20295	-0.56152	-0.99741	-0.33017
YLR286c	1	11	116	-0.34287	0.87069	-0.5842	-1.0186	-0.95195	-0.54053	-0.61178	-0.92437	-1.11284	1.05686	2.61748	1.10283	0.29609	0.63855	0.29149	-0.4463	-0.34057
YIL159w	3	32	321	-0.97787	1.22604	2.48542	0.69081	0.31299	0.18705	-0.06482	-0.28521	0.0926	-0.03334	1.13159	0.12409	-0.66302	-0.75748	-0.72599	-1.54459	-1.19826
YGL027c	1	16	161	-0.83742	-1.11775	1.13711	1.51495	0.68614	-0.42301	-0.59365	-0.69116	-1.069	0.92991	1.40526	1.42964	0.68614	-0.65459	-0.55708	-1.069	-0.77648
YML102w	5	52	528	-0.55689	0.20787	2.76585	1.05174	-0.26022	-0.62282	-0.81401	-0.85357	-0.56349	1.39456	0.74847	0.34631	-0.41185	-0.04266	-0.78105	-0.68875	-0.91949
YPR018w	5	52	528	0.35913	0.66168	2.98119	0.92543	-0.66487	-0.51748	-0.99069	-0.99844	-0.29251	0.76252	0.72374	-0.23045	-0.09081	-0.65711	-0.68814	-0.74245	-0.54075
YBL035c	2	24	241	-0.65777	0.75872	2.79727	0.0917	-0.28303	-0.54535	-0.64278	-0.8901	-0.7477	0.95358	1.32832	0.5039	-0.0507	-0.14813	-0.67275	-0.8826	-0.91258
YNL102w	2	24	241	-0.67616	-0.18785	2.34156	1.47238	-0.05113	-0.50037	-0.91054	-1.13516	-0.79335	-0.04136	1.47238	0.84735	0.46647	-0.08043	-0.56873	-0.98867	-0.66639
YBR278w	2	24	241	-0.65946	0.45818	3.08894	1.05999	-0.88299	-0.41874	-0.86579	-0.71104	-0.79702	0.49257	0.83646	0.20027	-0.05765	-0.60788	-0.24679	-0.57349	-0.31557
YPR175w	2	24	241	-0.22573	1.00572	2.70592	0.52109	-0.42435	-0.63886	-0.56735	-0.8772	-0.71036	1.08517	1.27585	-0.42435	-0.10655	-0.17011	-0.78186	-1.09171	-0.5753
YNL262w	2	24	241	-0.57025	-0.65111	1.08289	0.81336	-0.0761	-0.68705	-0.90268	-1.1183	-0.58822	1.88251	1.90946	0.8493	0.62469	-0.03118	-0.82181	-1.05541	-0.66009
YBR088c	2	24	241	-0.75935	-0.10443	1.94497	0.91322	0.16157	-0.71301	-0.90444	-1.11402	-1.15432	1.14294	1.52985	1.2437	0.16761	-0.31602	-0.40469	-0.97497	-0.6586
YLR103c	4	43	431	-0.79051	0.14875	2.78991	1.00371	0.3374	-0.34897	-0.58981	-1.02331	-0.88283	0.53007	0.94752	0.80703	0.05242	-0.58981	-0.59382	-0.93501	-0.86276
YAR007c	2	24	241	-0.80204	-0.22714	2.63205	0.3681	-0.56292	-0.84274	-0.75116	-0.9801	-0.76642	0.86159	1.24315	1.04983	0.56651	0.19003	-0.57818	-0.84274	-0.55783
YNL312w	2	24	241	-0.6022	-0.09881	2.22014	1.25863	0.22641	-0.50605	-0.99529	-1.22436	-0.96135	0.35932	1.17096	1.44245	0.17267	-0.20062	-0.61917	-0.75208	-0.89065
YER070w	1	14	141	-1.11867	0.92995	2.48092	0.7077	-0.14751	-0.5437	-0.90125	-1.06069	-1.08002	0.11823	0.9831	1.03625	0.61106	0.01677	-0.64034	-0.70798	-0.68382
YOR074c	1	14	142	-0.89594	0.36829	1.78302	1.39171	0.30809	-0.29392	-0.86584	-0.86584	-0.83574	-0.56483	1.06061	1.30141	1.27131	-0.32402	-0.83574	-1.04644	-0.95614
YDL164c	2	24	241	-0.84522	-0.1344	2.20624	0.59673	-0.58628	-0.71321	-0.84522	-1.06862	-0.81984	1.24155	1.81528	0.77444	0.07377	0.18039	-0.57105	-0.72844	-0.57612
YKL045w	2	24	241	-0.96175	-0.02982	3.11415	1.29126	-0.51626	-0.03494	-0.48042	-0.92078	-0.63404	-0.39337	-0.06566	0.61024	0.20572	0.58464	-0.57771	-0.56747	-0.62379
YBR252w	1	14	142	-1.6211	0.12327	1.94033	0.57148	-0.0766	-1.01541	-0.04632	-0.9185	-1.42122	1.86764	0.75319	0.46851	-0.84582	0.13539	0.42612	-0.40973	0.06876
YLR032w	5	52	529	0.2653	0.03589	2.56848	0.54058	-0.26692	-0.6569	-0.73031	-0.45502	-0.95053	0.90303	1.74723	0.36623	-0.63854	-0.09716	-0.55137	-1.09276	-0.98723
YML060w	2	24	242	-0.55579	0.35126	2.75925	1.2691	0.45924	-0.02668	-0.32903	-0.60978	-0.80415	-0.31823	0.86957	0.54563	0.1245	-0.55579	-0.73936	-1.18208	-1.25767
YDR097c	2	24	244	-0.73086	-0.59109	2.23369	0.90222	0.01212	-0.47339	-0.73086	-0.92212	-0.86327	0.43142	1.57163	1.51278	0.17395	-0.16443	-0.62787	-1.03982	-0.69408
YNL082w	2	24	244	-0.79613	-0.04694	0.97911	-0.01437	-0.63326	-1.073	-1.25215	-1.33358	-0.51925	0.94654	2.07031	1.85859	0.47423	0.22993	-0.4704	-0.29124	-0.12838
YOL090w	2	24	244	-0.70334	-0.27324	1.06007	0.33965	-0.23023	-0.85387	-0.7571	-1.16569	-0.81086	0.1031	2.21058	1.93101	0.52244	0.50094	-0.1227	-1.12268	-0.62807
YLR383w	5	52	529	-0.25831	-0.40997	2.66265	1.21206	0.68457	-0.42315	-0.33744	-1.16164	-0.94405	0.05159	0.80326	0.95491	-0.28469	0.01202	-0.35722	-1.04955	-1.15504
YKL113c	2	24	241	-0.95856	-0.16308	2.26669	1.53028	0.32524	-0.6002	-0.87587	-0.99401	-0.71047	0.60484	0.77023	1.25855	0.36462	-0.35604	-0.71441	-0.93887	-0.80892
YLR234w	2	24	245	-0.42083	-0.96851	2.83101	0.9826	-0.35237	-0.79736	-0.7289	-0.93428	-0.52352	1.01683	0.33223	0.87991	0.57184	-0.42083	-0.3866	-0.14699	-0.93428
YPL153c	4	43	431	-0.50845	0.33675	2.99632	0.82134	-0.1591	-0.33941	-0.90287	-0.91414	-0.76764	0.07756	0.88895	0.87768	0.13391	-0.23798	-0.47464	-1.08318	-0.7451
YDL101c	4	43	431	-1.79616	-0.8362	1.98238	0.96115	-0.10092	-0.09071	-0.13156	-0.43793	-0.87705	-0.51962	1.8292	0.665	0.4199	0.33821	-0.15198	0.10332	-1.35703
YHR038W	5	52	522	1.32204	0.50071	-0.61929	-1.57129	-1.08596	-1.42196	-0.63796	-0.63796	0.70604	1.41537	1.7327	0.76204	-0.74996	0.07137	0.59404	-0.02196	-0.35796
YML021C	2	24	242	-0.85912	0.05225	1.63273	1.69041	-0.21308	-0.54764	-0.82451	-0.68607	-1.15906	0.16762	1.70195	1.17128	0.27144	0.13301	-0.35152	-1.02063	-1.15906
YML061c	5	52	527	0.01725	0.17391	2.60813	1.23034	0.12972	0.06947	-0.56921	-0.58528	-1.25208	-0.25992	1.01343	0.04135	-0.30812	0.6479	-0.22376	-1.34045	-1.39267
YML027w	4	43	431	-1.13943	0.83846	2.34284	0.21885	-0.42241	-0.10584	-0.59558	-0.8905	-1.05826	0.73564	1.87746	0.50024	-0.15454	0.01592	-0.45759	-0.83098	-0.87427
YPL127c	5	52	528	-1.56555	-1.35378	1.26035	1.30998	1.36954	0.82025	-0.41402	-0.82102	-1.31738	-0.80448	-0.00701	1.04857	0.36029	0.68789	0.10219	0.2511	-0.92691
YGL089c	3	32	321	-1.12876	0.04777	-0.33749	-0.86204	-1.18803	-0.91835	-1.19692	-1.10801	-0.61014	1.04351	1.26874	1.00795	0.13667	0.39154	0.69382	0.9309	1.82885
YPL187w	3	32	321	-0.14428	0.03157	0.43816	-0.5092	-1.08859	-0.93713	-1.13331	-0.682	-0.21747	3.18468	0.84374	-0.127	-0.28659	-0.16664	-0.25813	0.34363	0.70854
YLL021w	3	32	321	-1.67799	-0.89402	1.68061	0.96791	1.64498	0.80755	0.37993	-1.01874	-1.0811	-0.47531	0.49575	0.21957	0.70956	0.18394	-0.06551	-0.72475	-1.15237
YLR382c	2	22	221	1.03528	0.61465	2.0979	-0.42583	-0.55866	-0.293	-0.42583	-1.13425	-1.11211	-0.31514	1.41162	1.01314	0.65893	-1.75411	-0.27086	-0.18231	-0.35942
YJL196c	1	13	132	-0.07174	-0.06536	2.16952	0.89245	-1.15087	-1.17641	-1.52122	-1.45098	-0.7869	0.50294	1.46075	0.22837	0.16452	0.06874	0.01127	0.305	0.41993
YJR148w	1	15	151	-0.02906	-0.14401	0.64202	-0.56343	-1.19101	-1.68189	-1.56694	-1.06674	0.01444	2.10844	0.53328	0.98998	0.39036	0.02065	0.02376	0.31891	1.20125
YOR317w	1	13	131	0.56053	-1.22931	-1.36376	-1.00243	-1.22091	-1.10327	-1.11167	-0.54867	0.4765	1.19916	1.64452	1.07312	0.63616	0.42608	0.35886	0.37567	0.82943
YKL165c	1	16	164	0.45595	0.81787	1.73272	1.2401	-0.19752	-1.01184	-1.16263	-1.79599	-1.17269	-0.19752	1.03904	1.13957	0.63691	-0.03666	-0.49912	-0.54938	-0.4388
YLL002w	5	52	528	-1.20072	-0.68221	1.98439	0.66167	-0.28011	-0.48116	-1.33828	-0.67163	-0.26952	1.10611	1.36007	1.67752	0.22782	-0.42825	-0.38592	-0.60814	-0.67163
YKL101w	3	32	321	-1.53564	-1.16185	1.14044	0.82619	0.51856	-0.24556	-0.44734	-1.14531	-1.04607	0.12823	1.35876	1.87149	1.10075	0.01576	-0.13971	-0.68882	-0.54989
YDR297w	1	13	133	-1.92967	-0.64609	0.81917	2.03956	1.64856	0.85077	0.02137	-0.13266	-0.35383	-1.13978	0.70464	0.46372	-0.56315	0.03322	-0.5671	-0.70533	-0.5434
YBR070c	1	16	161	-0.37219	0.60535	3.19754	1.17923	-0.22143	-0.4111	-0.76613	-0.93148	-0.6105	0.26491	0.20655	0.38163	-0.05121	-0.45973	-0.58618	-0.75154	-0.67372
YLR233c	5	52	527	-0.26399	-0.36408	3.15605	0.65359	-0.51423	-0.09715	-0.71443	-0.4475	-0.66438	0.01963	1.30423	0.21982	-0.1472	0.21982	-0.39745	-1.18156	-0.78116
YPL057C	6	61	611	-1.09562	-0.68543	-0.32082	1.22878	0.62109	-0.01698	-0.65505	-0.7462	0.05898	1.12243	1.74531	1.33512	0.92493	-0.76139	-1.08043	-1.62735	-0.04736
YBR073w	2	24	245	-0.5719	-0.2235	2.33138	0.29462	1.31895	-0.69101	-0.28008	-0.8786	-0.98282	0.63706	1.21473	1.22664	-0.22946	-0.53616	-0.72972	-0.99175	-0.90838
YGL200c	5	52	500	-1.29464	-0.6528	1.69716	0.23749	0.24784	-0.6528	-1.46028	-1.5845	-1.16006	1.03462	0.7137	1.22096	0.48595	0.68264	-0.09378	0.80687	-0.22836
YNL272C	5	52	500	-1.27583	-1.47021	1.26726	0.70033	-0.49833	-0.7251	-0.41734	-1.30823	-0.04478	0.02001	1.88278	0.9271	1.26726	0.82991	0.03621	-0.7413	-0.44973
YOR316C	5	53	531	0.0707	-1.24883	-0.94834	-0.9614	-0.88302	-0.45188	-0.32124	-0.53027	-0.08607	2.42234	1.22039	1.41636	-0.71318	-0.63479	0.42345	0.48877	0.737
YKR077w	6	62	621	-0.95761	0.67673	0.75354	-0.52236	-0.65037	-0.29193	-0.84666	-0.94054	-0.67171	2.19158	2.29826	0.58712	-0.07857	-0.0871	-0.49675	-0.66744	-0.29619
YDL105w	5	52	529	0.25246	-0.40562	1.74028	0.1094	0.30968	-0.66312	-0.74896	-0.8348	-1.06369	1.94057	1.3111	1.28249	-0.23395	-0.6059	-0.86341	-1.17814	-0.34839
YDL156w	5	52	520	-0.2179	-0.63237	2.60565	0.48151	-0.50285	-0.91731	-1.17635	-0.8137	-0.34742	1.0514	1.33635	1.0514	0.14476	-0.16609	-0.71008	-0.68417	-0.50285
YLL022c	5	52	528	-0.62943	-0.50907	2.62038	1.5672	0.29737	-0.83405	-0.63545	-0.68359	-1.05672	0.61031	0.92326	0.508	0.1409	-0.08779	-0.51508	-0.82803	-0.88821
YCL024w	4	43	431	-0.57532	0.05358	1.91857	0.16201	-0.57532	-0.48857	-0.57532	-0.77049	-0.66206	0.20538	2.027	1.48485	1.00776	-0.87892	-0.64037	-0.98735	-0.70543
YHR110w	5	52	500	0.09612	-0.28617	1.24299	1.31046	-0.83337	-0.53353	-1.22315	-1.59045	-0.67595	0.65832	1.88764	1.46038	-0.06879	0.07364	-0.07628	-0.71343	-0.72842
YIL026c	4	43	431	-0.33032	0.14806	2.73129	0.84722	0.26581	0.29525	-0.72038	-1.081	-1.06628	-0.02121	0.93554	0.85458	0.25845	-0.13897	-0.86757	-1.1914	-0.91909
YJR043c	2	24	241	-0.99931	0.02614	2.25649	1.73522	0.51323	0.52177	0.31668	-0.04222	-0.52077	-1.66585	0.08596	0.42777	0.34232	-0.23022	-0.61477	-1.35821	-0.79422
YKL108w	5	52	527	-0.07722	0.78047	3.08223	0.938	-0.65485	-0.27852	-0.56733	-0.75988	-0.39229	-0.84739	-0.06847	0.91175	0.38663	-0.19975	-0.78613	-0.79488	-0.67236
YLR381w	5	52	528	-0.32517	0.0889	2.49052	0.85494	0.0889	0.50298	0.0682	-1.02909	-1.13261	-0.71854	1.45534	0.81353	0.17172	-1.23613	-0.57361	-0.69783	-0.82205
YNL273w	5	52	528	-0.82044	0.18238	2.35362	0.15478	-0.47083	-0.51683	-0.76524	-0.93084	-0.38803	1.1392	1.314	1.51641	0.16398	-0.47083	-0.93084	-0.64564	-0.88484
YCL061c	4	43	431	-0.74023	-0.93346	1.16789	0.99882	0.20175	-0.52285	-0.57116	-0.59531	-0.45039	-0.1847	1.74758	1.8925	1.14374	-0.59531	-0.95761	-1.29576	-0.30547
YKL161c	3	32	321	-0.8096	-1.33011	-1.09988	-0.6995	-0.70951	-0.41923	0.03121	-0.40922	-0.13896	1.19233	2.37346	1.51263	1.19233	0.03121	-0.2891	-0.39921	-0.02885
YKR083c	5	52	528	-1.7481	-0.33014	0.86968	0.39372	0.12599	-0.95484	-1.30189	-0.34005	-0.77635	2.30747	1.02833	1.42496	-0.23098	-0.30039	-0.16157	-0.02275	0.01692
YDR013w	5	52	527	-0.72155	-0.48686	2.78311	1.75049	-0.62767	-0.01749	-0.59638	-0.58074	-0.11136	0.51447	0.67093	0.23285	0.09203	-0.56509	-0.58074	-1.30044	-0.45557
YHR113w	5	51	512	0.96058	0.56132	-0.03758	-0.19728	-1.99397	-1.23537	-0.59655	-1.07566	0.32176	0.76095	1.91881	1.16021	0.8408	-0.6764	0.40161	-0.39691	-0.71633
YDL119c	5	53	531	1.58028	-1.10342	-1.39542	-1.0478	-0.43597	-0.38035	-0.47768	-0.5194	-0.38035	0.14805	1.52466	2.26163	0.5513	-0.10224	-0.40816	-0.29692	0.48177
YDR493w	5	52	526	1.47815	0.59634	-1.09719	-1.41254	-1.06215	-0.7176	-0.91616	-0.41978	-0.19203	0.11748	1.14528	0.42115	-0.72928	0.47371	-0.24458	0.28684	2.27236
YAR003W	5	52	528	-0.42776	0.45695	2.7011	0.39222	-0.6867	-0.34145	-0.16882	-0.31987	-0.10408	-1.09669	0.56484	0.69431	1.53587	-0.9888	-0.29829	-0.66512	-1.24774
YDL103c	1	11	116	-1.20921	0.62909	2.79112	0.64065	-0.22647	-0.29584	-0.75831	-0.87393	-0.88549	0.43254	1.06843	0.88345	-0.3074	-0.61957	-1.02423	-0.04149	-0.20335
YNL310c	5	52	526	0.92213	0.30992	2.57041	0.8044	-0.70848	-0.70848	-1.00282	-1.09112	-0.48479	0.06268	0.96923	1.05164	-0.23166	-0.67316	-1.2324	-0.01974	-0.53777
YOR144c	5	52	527	-0.83136	1.02493	2.35386	0.43429	-0.00869	-0.38838	-0.76807	-0.81026	-0.6626	0.62414	1.21477	1.32024	-0.19853	-0.83136	-1.0212	-0.36729	-1.08449
YDR113c	4	43	431	-1.10658	-0.61428	0.885	1.28034	2.04117	1.07894	-0.5919	-0.86789	-1.17372	-1.00216	0.01974	0.885	0.71344	0.43746	-0.18165	-0.80822	-0.9947
YNL126w	5	52	528	-0.33677	-0.25877	0.38082	1.16081	1.25441	1.8004	0.64601	-0.63317	-1.08556	-1.67835	-0.83596	-0.16517	1.12961	0.73961	-0.05598	-1.13236	-0.92956
YEL061c	4	42	421	-1.11905	-0.79778	0.51025	1.33638	1.70355	1.1528	0.39551	-0.26998	-1.18789	-1.50917	-0.79778	-0.13229	1.12985	0.99216	0.0054	-0.66009	-0.75188
YHR172w	5	52	528	-0.70615	0.12617	1.72678	1.79081	0.86245	1.34264	0.19019	-0.86622	-0.93024	-0.8342	-0.35402	-0.19396	0.70239	0.31824	-0.73817	-0.96225	-1.47445
YPR141c	4	42	421	-0.64054	-0.85859	0.85859	2.27596	1.55365	1.39011	0.16354	-0.50425	-0.92674	-1.00851	-0.62691	-0.42248	0.43611	0.23168	-0.13628	-0.94037	-0.84497
YLR045c	5	52	528	-1.64677	-1.61786	-0.16269	0.34806	2.1116	1.07082	0.61789	-0.25906	-0.76981	-1.32875	-0.27834	0.11678	0.84918	0.77208	0.71426	-0.11451	-0.42289
YGR140w	5	52	528	-0.88064	-0.62014	1.86223	1.20333	1.34124	1.41785	0.16135	-0.74273	-1.04919	-0.95725	-0.43626	0.05408	0.60572	0.65169	-0.5895	-0.74273	-1.27904
YBL063w	4	42	421	-1.11583	-1.37589	0.0162	0.70459	2.41793	0.91876	0.24566	-0.6416	-0.58041	-1.48297	-0.41214	0.70459	1.14822	0.45983	-0.13678	-0.24386	-0.6263
YDR488c	4	41	412	-1.32845	-0.31438	0.83673	1.63155	-0.42401	0.31599	-0.61586	-1.4929	-0.45142	-0.20475	0.67229	1.49451	1.38488	0.91895	-0.7803	-1.16401	-0.47882
YOR026w	4	43	431	-1.81912	-0.04586	2.81276	0.67262	0.35924	-0.19108	-0.15287	-0.07643	-0.47389	-0.12229	0.5809	1.29937	-0.34395	-0.42803	-0.51211	-0.57325	-0.98599
YIL140w	5	53	533	-0.53322	-0.61812	2.29658	1.68346	0.28742	-0.08046	-0.75018	-0.99543	-1.09919	-0.55209	0.67416	1.19296	0.78735	-0.14648	-0.61812	-0.75961	-0.76904
YKL067w	1	14	141	-0.44788	-0.8216	0.1108	0.97149	0.4581	-1.20287	-1.49731	-1.86348	-0.69325	0.83181	0.3071	2.01714	0.86956	-0.02509	-0.16099	0.46942	0.67704
YJR006w	2	24	241	-0.55181	-0.65137	2.35754	1.1407	0.37741	0.51016	0.16723	-0.45225	-0.18676	-1.07173	-1.9567	1.16283	0.65397	0.15617	-0.46331	-0.7288	-0.46331
YBL003c	2	25	251	-1.27887	-1.59422	0.34241	0.6318	1.97668	-0.97465	-0.09351	-0.66671	-1.23806	-0.38475	0.29047	0.93416	0.0048	0.57058	1.64649	0.30902	-0.47565
YBL002w	5	52	528	-1.62991	-1.3323	0.17743	1.00825	1.63447	-0.71539	-0.56968	-0.70144	-1.1401	-0.74329	0.36189	1.45001	0.799	1.01135	0.53859	0.41149	-0.56038
YMR190c	2	24	245	-0.31637	-1.02006	-0.49229	0.06061	1.8701	1.97063	1.46799	0.2114	-0.06505	-1.59809	-0.61795	-0.2661	0.43759	0.2114	-0.64308	-0.03992	-1.17085
YJL115w	5	52	528	-0.06999	0.28558	2.70615	1.37278	-0.39136	-0.48709	-0.75376	-0.91103	-0.35717	-0.97257	-0.97257	1.20184	0.82576	-0.01528	-0.53495	-0.63068	-0.29563
YCR065w	5	52	521	-1.5356	-0.13771	1.83281	1.31071	0.5865	-0.01981	-0.6935	-0.32297	-0.8956	0.0644	1.05808	1.20966	0.92334	-0.22192	-1.06402	-1.04718	-1.04718
YPL016w	5	52	525	-1.64919	-1.43639	0.1596	0.85119	1.82652	1.64919	0.78026	0.67386	0.17733	-1.02852	-0.3192	-0.90439	0.46106	0.19506	-0.17733	-0.99306	-0.266
YBL052c	5	52	528	-0.89082	-1.71441	-1.76483	-0.31935	1.4791	0.30254	1.42867	0.99167	0.23531	-0.95805	-1.09251	0.11766	1.02528	0.43701	0.55466	0.11766	0.05042
YBR275c	5	52	527	-0.92868	-0.27826	1.70258	1.00781	1.45128	-0.38173	-0.72173	-0.20434	-0.95824	0.71216	1.08172	1.0965	0.44608	-0.78086	-0.88433	-1.46084	-0.89912
YIL126w	5	52	525	-2.17394	-0.94788	-0.69766	-0.72268	0.90372	2.25489	0.62848	0.60346	0.82866	-0.37238	-0.6226	0.20312	1.02883	0.10303	-0.27229	-0.24727	-0.49749
YFR037c	5	52	525	-1.45786	-0.19207	1.49086	1.97992	0.36891	-0.00508	0.35452	-0.00508	-0.40783	-1.45786	-0.98319	0.16753	1.60594	-0.03384	-1.05511	0.25384	-0.62359
YKL127W	1	11	111	-1.51351	-1.43761	0.83176	1.78049	-0.46611	-0.12456	-0.18528	-0.48888	-1.10366	0.17144	1.46172	0.78622	0.78622	0.93043	0.32324	-0.60273	-1.1492
YAR008w	5	52	523	-1.05606	0.18771	2.73178	0.79703	-0.25829	-0.68544	-0.67916	-0.92414	-0.61006	0.23168	0.85357	0.65884	1.16765	-0.08868	-0.51584	-1.03721	-0.77338
YER001w	1	16	162	-1.48932	0.14778	1.61507	1.25804	1.44091	0.03893	-0.35293	-0.94071	-1.45448	-1.3108	0.0607	0.76169	0.84877	0.71815	-0.17006	-0.34857	-0.82316
YER003c	1	11	113	-1.50453	-0.88809	1.38564	1.74943	1.38564	-0.08976	0.01129	-0.45356	-1.14073	-0.76683	0.09214	0.7591	1.14311	0.47615	-0.56472	-0.45356	-1.14073
YDL093w	1	16	163	-0.21165	-1.28939	1.5459	2.19255	1.26403	0.0039	0.0868	-0.32771	-0.36087	-0.52668	0.3521	0.89926	0.16971	-0.65933	-0.69249	-0.99094	-1.4552
YKR001c	5	52	500	-1.91457	-1.53469	-0.42546	0.8965	1.04845	0.66858	0.16714	-1.32196	-0.33429	-1.32196	0.80533	0.82053	1.44352	0.51663	0.13675	0	0.34948
YDL095w	1	16	163	-0.14587	-1.01456	0.99133	1.57573	0.65175	-0.69077	-0.73026	-1.1962	-1.00666	0.54119	1.29932	1.6547	0.49381	-0.29591	0.00418	-0.69077	-1.44101
YNL073w	2	22	221	0.71455	-0.57332	-0.93902	-0.90722	-1.43191	-1.20931	-0.71642	-1.08212	0.15806	1.35054	1.43004	1.71623	0.87355	0.23756	0.09446	-0.38253	0.66685
YER118c	3	32	321	-1.71413	-0.69485	0.82709	1.02256	0.36632	-0.10842	-0.84844	-0.5273	-0.93222	-1.02996	0.05914	1.30182	2.04184	1.21804	-0.42956	-0.06653	-0.48541
YJR137c	1	12	122	-1.26337	-1.1177	-1.02269	0.17436	2.85981	1.21307	0.33903	-0.26899	-0.71868	-0.73135	-0.64268	-0.19932	0.32003	-0.00931	0.02235	0.3137	0.73172
YER017c	5	51	512	0.42834	0.70091	-0.35046	-0.97349	1.47971	-1.59653	-0.03894	-0.23364	0.07788	1.12925	0.89561	0.70091	0.3894	-0.27258	-2.49214	-0.3894	0.54516
YER016w	5	52	528	-0.89228	-0.67383	0.54131	3.03985	0.86899	0.03614	-0.14135	-0.26423	-1.43841	0.18633	0.14537	0.36382	0.03614	0.514	-0.87863	-0.59191	-0.85132
YCR035c	2	23	231	-0.11804	-1.87731	-1.17635	-0.46165	1.36635	0.12936	1.86114	0.56918	0.5142	-1.32754	-0.91521	0.23931	0.48671	-0.03557	0.47297	-0.80526	1.07772
YMR048w	5	52	528	0.27234	-0.26187	3.21048	0.15363	-0.88511	-0.84059	-0.66252	-0.97414	-0.66252	0.04975	0.65816	0.89558	0.48009	0.03492	-0.58833	-0.49929	-0.38058
YLL062c	1	15	151	-0.9858	-0.75452	-0.87016	1.27358	2.58118	1.6205	-0.27418	-0.90574	-0.75452	-0.28308	-0.4165	0.20616	0.08163	-0.49656	-0.54104	-0.15854	0.67761
YDR179c	5	52	520	-0.29053	-0.01401	0.01672	1.77573	1.43775	1.77573	0.71571	-0.02937	-0.63619	-1.63475	-1.35055	-0.42111	-0.26749	0.7618	-0.28285	-0.72068	-0.8359
YER018c	5	52	528	-0.79373	-0.71232	0.73268	1.56711	2.74753	0.69197	0.08141	0.02035	-0.87514	-0.63091	-0.85479	-0.14246	0.02035	0.14246	-0.18317	-0.56986	-1.24148
YNL304w	5	52	526	-1.84045	-0.36077	1.56924	0.11101	0.45412	-0.78966	0.43268	0.06812	-0.96122	0.00378	1.09746	2.23402	0.00378	-0.08199	-0.78966	-0.0391	-1.11133
YAL034W-a	5	52	528	-0.97619	-0.11512	2.10279	0.74595	0.87642	-0.1673	0.17191	-0.76744	-1.26321	0.51112	0.45893	0.98079	1.18954	-0.32386	-0.79354	-1.34149	-1.2893
YBR276c	4	41	413	-0.78256	1.23824	1.06984	1.29437	0.15299	-1.1755	0.02201	0.30268	-0.09025	-0.25865	1.59375	0.80788	0.3401	-1.30648	-0.29608	-1.69941	-1.21292
YEL018w	5	52	528	-0.81842	0.27394	0.61889	0.99259	1.76874	0.70513	-0.55971	0.07271	-1.0484	-1.24962	-1.59458	-0.78968	0.50391	1.51003	-1.07714	0.64764	0.04396
YER019w	1	13	133	-0.3777	-0.5264	1.92032	2.46103	0.92	-0.05328	0.06838	-0.36418	-1.05359	-0.31011	-0.48584	-0.55343	0.78483	0.17653	-0.5264	-0.95897	-1.12118
YFR027W	5	52	528	-0.41517	0.64094	2.85621	1.25916	-0.28638	-0.41517	-0.647	-0.90459	-0.72428	0.64094	0.74398	0.46063	-0.23486	-0.36366	-0.85307	-0.7758	-0.98187
YFR038w	5	52	528	-1.09329	0.55037	2.00437	1.43541	0.61358	-0.33468	0.42393	0.04462	0.04462	-1.72547	0.6768	0.92967	-0.08181	-0.77721	-0.3979	-1.09329	-1.21973
YLL061w	5	53	531	-0.71279	-0.60799	-0.22809	1.69759	2.94208	0.9116	-0.39839	-0.69969	-0.41149	-0.39839	-0.79139	-0.45079	-0.09709	-0.71279	-0.49009	0.08631	0.3614
YNL072W	2	24	241	-1.1668	0.15557	1.2856	0.10749	-0.13294	-0.92637	-0.92637	-1.40723	-0.42146	1.95881	1.1173	1.71838	0.17962	0.03536	-0.2772	-0.46955	-0.83019
YIL050w	6	61	612	-1.46188	-1.74081	-1.0435	-0.40198	1.46681	2.02465	0.65793	0.10008	0.10008	-1.07139	-0.82036	0.18376	0.35111	0.74161	0.51847	0.23955	0.15587
YIL106w	3	32	322	-1.36396	-1.03654	-1.18537	-1.06631	-0.45611	0.58568	1.56794	1.19587	1.98466	0.1392	-0.06916	-0.56029	-0.75377	-0.0394	1.10658	0.0499	-0.09893
YBL097w	4	43	431	-1.81637	-1.08263	-0.96034	-1.02148	1.6689	1.36318	1.42432	0.69058	-0.16545	-0.34889	-0.59347	-0.16545	0.26256	0.93516	0.446	-0.83805	0.20142
YJR076c	5	53	533	-1.00311	-1.37785	-0.43406	0.35242	1.07414	1.51827	0.72716	1.07877	-0.55435	-1.39635	-0.39243	-0.78567	-0.2305	1.54603	1.1204	-0.36467	-0.8782
YJL099w	5	52	500	0.29454	-1.59894	-1.09401	-0.18935	-0.31558	2.06179	1.89348	0	0.14727	-0.29454	-1.36751	-0.6522	-0.21039	1.15713	0.48389	0.08415	-0.39973
YKL048c	4	41	411	-0.8749	-1.57719	-1.27621	0.0782	0.73032	1.23195	0.70523	-0.49868	-0.27295	-1.50194	-1.05048	-0.1977	1.20687	1.23195	1.23195	0.45442	0.37917
YBR038w	1	11	116	-1.03506	-1.26889	-0.95155	-0.77617	-0.6342	-0.18324	1.7793	1.77095	1.8127	0.11741	-0.2751	-0.78452	-0.26675	-0.52563	0.61013	0.60178	0.00884
YJL092w	2	24	243	-1.27678	-1.10499	-0.08172	1.00877	1.65858	2.25611	0.55315	-0.11907	-0.70913	-0.71659	-0.71659	-0.23857	0.03032	1.01624	0.05272	-0.66431	-0.94814
YCR084c	3	32	321	-1.57833	0.08352	-0.19077	1.06772	1.34201	0.90638	1.27747	1.09999	-0.77161	-0.73934	-1.01363	-0.90068	0.42234	0.79344	0.51915	-0.91682	-1.40085
YGL255w	5	53	531	-1.37568	-0.68707	-1.05086	-0.59613	-0.27131	0.30036	1.28779	0.58619	0.19642	-0.66109	-1.25874	-1.01189	-0.07643	0.59918	1.31377	2.11931	0.58619
YJL137c	1	11	115	-0.61994	-0.83114	-2.09834	-0.09193	1.59767	1.97783	0.58391	0.98519	-0.09193	-0.66218	-0.87338	-0.74666	-0.00745	0.45719	0.71063	0.18263	-0.4721
YOR274w	5	51	514	1.55805	0.98949	-0.02018	-1.07887	-0.95143	-0.03979	0.92087	1.78351	1.47962	-0.49071	-0.96124	-0.97104	-0.61814	-0.59854	-0.58874	-0.92203	0.50916
YBR104w	5	53	531	-2.14592	0.08034	1.34346	-0.48807	-0.98542	-0.86701	0.73558	0.36454	-0.4486	-0.93016	-0.51965	-0.33018	0.2856	0.47507	1.70661	1.49346	0.23033
YJR112w	5	52	528	-1.60405	-1.49495	-0.14205	1.32723	1.1963	0.52712	-0.00385	-0.8185	-0.5421	-0.7894	-0.88396	-0.09113	0.54167	1.92366	0.94172	0.42529	-0.51301
YCR073c	3	32	321	-1.74076	-1.08277	-0.22231	-0.34041	0.01389	2.25783	2.35906	0.16574	-0.34041	-0.18857	-0.22231	-0.39103	-0.2898	-0.27292	0.19948	0.4863	-0.39103
YDR389w	3	32	321	-0.69146	0.02136	-1.0277	-1.65983	0.2231	1.82359	1.21837	-0.18038	-0.34178	-0.81251	-0.09968	-0.82596	-1.09495	1.29906	0.55934	1.46046	0.12896
YKL068w	2	22	223	-0.79216	0.15118	-0.36887	0.14513	0.4112	0.93124	0.85263	2.70906	-0.22979	-1.05218	0.26002	-0.93124	-0.43539	0.2963	0.62889	-1.23964	-1.33639
YIL131c	5	52	521	-1.22318	-1.08276	-1.04766	0.12252	2.02992	2.24055	0.82463	0.23954	0.12252	-0.76681	-0.96574	-0.45086	0.18103	0.43847	0.07572	-0.14662	-0.59129
YDR451c	4	43	431	-1.34835	-0.55538	-0.69283	-0.33336	1.15741	2.17241	-0.07961	-0.40736	-0.7034	-1.18975	-0.73512	-0.3545	0.52304	1.84465	0.86137	0.06841	-0.22763
YOR073w	4	43	432	-1.18673	-1.58288	-0.90942	0.71483	1.47744	1.50715	0.44743	0.31867	-0.22604	-1.32538	-1.19663	-0.03787	0.8733	1.27936	0.42762	-0.28547	-0.29537
YMR215w	5	51	513	-1.04043	-1.07532	-1.06995	-0.34797	1.14432	1.47981	1.25167	-0.02052	-0.83376	-0.9277	-0.65662	-0.69688	0.06536	1.98976	0.69878	0.52164	-0.48217
YGL101w	1	14	141	-1.6338	-1.11162	-1.23864	-0.01079	0.11623	0.21502	1.03358	0.088	-0.33539	-1.36565	-0.68822	0.10211	0.77954	1.30173	1.76746	1.21705	-0.2366
YJR110w	1	11	117	-0.8756	-0.96054	-1.47016	0.35599	0.69573	2.2883	0.99301	0.65327	-0.11117	-1.74621	-0.23857	-0.51462	0.44092	0.54709	0.80191	-0.42968	-0.42968
YOL012c	2	25	251	-1.85783	-1.694	-1.3399	-0.25119	1.1599	0.3143	0.40943	-0.14021	-0.45731	-0.14549	-0.1772	0.47814	0.19803	1.27089	1.33431	1.41358	-0.51544
YBL032w	5	52	524	-1.42755	-0.89344	-1.21891	-0.80164	2.03577	0.29994	1.75203	0.83404	-0.21747	-0.50121	-1.04366	-0.43445	0.20814	0.60037	0.90081	0.29994	-0.39272
YDR324C	2	22	222	-2.00807	1.28729	-0.12622	-1.06289	-1.16507	1.03183	1.65344	0.29102	0.60608	-0.38168	-0.78189	-0.87556	-0.72228	0.53796	0.20587	0.89559	0.61459
YDR325W	4	43	431	-1.31705	0.26294	-0.52706	-0.12706	0.38294	1.66293	0.78294	-0.47706	-0.34706	-1.38705	-1.36705	-0.89705	-0.03706	1.66293	0.43294	1.55293	-0.25706
YKL052C	5	52	528	-1.20226	-1.13471	-0.12147	1.50935	2.08834	1.4804	0.92071	0.13907	-0.01533	-1.4242	-0.65222	-0.40132	-0.02498	0.22592	-0.17937	-0.35307	-0.85486
YKL069W	1	15	151	-0.60113	0.5793	-0.247	1.00089	2.02112	1.21168	0.23361	0.52028	-0.74447	-1.10703	-1.46959	-0.76976	-0.23013	1.00089	0.52871	-0.39877	-1.52861
YPL116W	5	52	528	-0.77558	-1.31756	-0.36171	0.61386	1.80621	2.023	0.29852	-0.16462	-0.75587	0.02261	-1.06135	-0.78543	-0.45039	0.56458	0.19998	1.25437	-1.11062
YGR108w	3	32	321	-1.49391	-0.82181	-1.12649	-1.10857	-0.59777	0.64785	1.57087	1.09592	0.9615	-0.51712	-0.73219	-0.81284	-0.60673	0.48655	1.11384	1.09592	0.845
YPR119w	3	32	321	-1.38564	-0.89396	-1.16215	-0.99081	-0.14154	0.52148	1.57188	2.05611	1.07275	-0.31289	-0.69282	-0.94611	-0.44698	-0.08195	0.64812	0.53638	0.64812
YAL040c	4	43	431	-0.2105	-0.36441	-0.92235	-0.92663	0.19352	-1.01855	0.41157	0.23628	-0.09293	3.45564	0.36026	-0.17202	-0.72568	-0.20622	0.16573	0.12084	-0.30456
YGL116w	2	23	232	-0.96489	-0.94733	-0.84196	-0.85952	-0.75415	-0.24484	1.26552	2.33682	1.5992	-0.06922	-0.31509	-0.70146	-0.61365	-0.56096	0.24691	0.47521	0.9494
YOL069w	5	52	528	-1.02006	-1.62852	-1.3919	-0.54682	-0.51301	1.07574	1.44757	1.65039	0.83911	-0.71583	-0.4116	-1.05386	0.39967	0.39967	0.60249	0.06164	0.80531
YGR092w	3	32	322	-1.29288	-1.07937	-1.04379	-1.20985	-0.65237	0.01186	1.17426	1.76732	1.82663	0.61678	0.01186	-0.1542	-0.65237	-0.48631	-0.35584	0.75912	0.75912
YOR058c	5	52	528	-0.35455	-0.106	-1.47302	-0.47882	-0.64452	0.63965	1.88239	1.5717	1.38529	-0.54096	-0.85164	-1.618	-0.35455	-0.37526	0.26682	0.2254	0.82606
YHR023w	4	42	421	-1.21582	-1.45476	-1.27907	-1.26501	-0.46384	0.46384	1.86941	1.49693	0.68873	0.34436	-0.23895	-0.5552	-0.70981	0.31625	0.47789	0.60439	0.92065
YPL242C	5	53	533	-1.35876	-1.04049	-1.30089	-1.09835	0.69555	0.77271	1.51534	2.06509	0.70519	-0.16282	-0.3943	-0.61612	-0.78973	-0.30749	0.09758	0.64733	0.57017
YCL037C	5	52	524	-1.51473	-0.32149	-0.99913	-0.86655	2.09445	0.48873	1.56412	1.32842	0.42981	0.68024	-0.99913	-0.96967	-0.29203	-0.07106	-0.43934	0.20884	-0.32149
YMR001c	4	43	431	-1.36982	-1.25043	-1.35192	-0.9639	-0.57588	0.3076	1.39405	1.71044	0.98216	-0.46246	-0.57588	-0.67736	0.05092	0.06286	0.71353	1.07767	0.92843
YGL021w	5	51	511	-1.45763	-1.29567	-1.10334	-1.01224	-0.25306	0.54661	1.41714	1.19444	0.71869	-0.45551	-0.91102	-0.74906	-0.32392	0.92114	1.00212	1.39689	0.36441
YCR042c	2	21	211	0.06828	0.36415	-1.02418	-1.36558	-1.33144	-0.94452	-0.13656	1.69559	1.50214	1.50214	0.62589	-0.37553	-0.94452	-0.72831	0.36415	-0.14794	0.87625
YOR025w	1	17	172	-1.29071	-1.35026	-1.14185	-1.09719	-0.75481	0.55516	1.0464	0.86777	2.28195	-0.24869	-0.32312	-0.82924	0.12347	0.43608	0.48073	0.57005	0.67425
YOR229w	5	52	528	-0.62432	-0.09195	-1.12271	-1.04342	-0.9528	-0.59034	0.78023	1.67507	1.47118	1.53915	0.10061	-0.89617	-1.17935	-0.73759	0.06663	0.74625	0.85952
YDR146c	4	43	431	-1.55821	-1.37461	-0.95554	-0.9715	-0.75199	0.1141	0.48927	0.31765	0.37752	0.1141	-0.19322	-0.61629	-0.2491	1.6986	0.92431	2.04584	0.58905
YLR131c	5	52	521	-1.3895	-1.68414	-1.42317	-0.87599	0.05001	0.39516	1.01811	0.82449	1.25382	0.71505	-0.73288	-1.06119	0.10052	1.00969	0.25205	1.28749	0.26047
YNL053w	3	32	321	-0.89511	-0.73054	-1.30022	-0.71788	0.21894	1.13043	1.71278	1.86469	0.86458	-1.16096	-0.85713	-0.45202	-0.41405	-0.37607	0.11766	1.15575	-0.16085
YKL130C	5	52	524	-1.19589	-0.66203	-1.37625	-1.13096	-0.42395	0.26142	0.61492	2.1588	1.69708	0.05941	-0.53938	-0.46002	-0.9506	0.42735	0.58606	0.92514	0.00891
YIL162w	1	11	114	1.16196	-1.05585	-1.8247	-0.96714	-0.28701	0.12698	0.77754	1.90123	1.81252	-0.13916	0.30441	-0.46444	-0.49401	-0.84886	-0.46444	0.06784	0.39312
YDL138W	4	43	432	0.96886	0.90853	-1.14276	-1.67713	-0.79801	-0.74629	-0.04816	1.10677	1.33086	0.95163	-0.00507	-1.28928	-1.17724	-0.16021	-0.00507	1.31362	0.46897
YGR143w	5	52	500	-0.51452	-0.69195	-1.27744	-0.94034	-1.06453	-0.51452	0.99357	1.38389	2.00487	0.03548	-0.07097	-0.51452	-0.88711	-0.69195	0.42581	1.18873	1.1355
YKL129c	4	42	421	0.32385	-0.78405	-1.5681	-1.43175	-0.01704	0	0.28976	2.57373	0.76701	0.63065	0.03409	-1.07381	-1.1079	-0.05113	0.59656	0.44316	0.37498
YHR152w	4	43	431	-1.13878	-1.01612	-0.90047	-0.66917	-0.46941	-0.07339	1.1462	1.87865	0.71514	1.44409	0.24553	-0.97757	-1.06869	-0.87594	0.01422	0.48734	1.25835
YPR167C	1	12	122	-1.13289	-0.81416	-0.72684	-0.00642	1.49117	1.08948	-0.03262	-0.54346	-0.9888	-1.325	-0.95388	-0.63951	-0.14177	0.85371	1.22483	1.41258	1.23357
YAR018c	5	51	511	-0.51926	-0.87977	-0.91068	-0.75102	-0.66347	-0.75617	0.74254	2.40605	2.07129	0.34082	0.10906	-0.29265	-0.48836	-0.92098	-0.27205	0.04726	0.73739
YAL022c	5	53	531	-1.0598	-1.09261	-0.60048	-1.24259	-1.26602	-1.30821	0.86184	1.03057	0.79154	1.0587	0.2338	-0.26771	-0.6286	-0.07554	0.90871	1.20399	1.4524
YGL201c	2	24	241	-0.97243	0.59023	-0.47896	-1.24658	-1.54815	-0.86277	0.69989	1.65942	1.41269	1.41269	0.48057	0.09676	-1.274	-0.47896	-0.28705	0.23383	0.56282
YCL038c	4	41	411	-0.5898	-0.97933	-1.25344	-0.56095	-0.76292	-0.04158	0.99715	1.60308	1.7762	1.50209	0.0594	-0.38783	-0.33012	-1.61411	0.26138	-0.20028	0.52106
YKR021w	5	52	500	-0.21421	-0.5387	-0.46659	-0.82714	-1.1276	0.32662	1.67267	2.11735	1.24001	-0.51467	-1.66843	-0.63485	-0.41852	-0.32237	0.1824	0.80735	0.38671
YLR190w	5	52	526	-0.99469	-1.29062	-0.87058	-1.07424	-0.36781	0.04268	1.8342	2.04104	0.93367	-0.03369	-0.42509	-0.81649	-0.60647	-0.38691	0.34816	0.73956	0.9273
